,0,1,2,3,4,5,6,7,8,9,10,11,12,13,14,15,16,17,18,19,20,21,22,23,24,25,26,27,28,29,30,31,32,33,34,35,36,37,38,39,40,41,42,43,44,45,46,47,48,49,50,51,52,53,54,55,56,57,58,59,60,61,62,63,64,65,66,67,68,69,70,71,72,73
0,-0.0025928212418424215,-0.03896190053042891,-0.05706376917500038,-0.04607424193150014,-0.030308279673311206,-0.03407934867496069,-0.004981544971759472,-0.005116055190041006,-0.08188100671165155,-0.059484756093724285,-0.07081354461513563,-0.058398851714398875,-0.03828550263653888,-0.05373609780218031,-0.03381488239618899,0.002688760939268925,-0.04798486468848937,-0.005361935438678728,-0.040982243533837504,-0.07782800738260592,-0.0727168715967489,-0.05359037347741539,-0.0342119697921509,-0.016295378746404222,-0.003111930856052164,-0.0018532445157807248,-0.026155211688353563,-0.02333007803930334,-0.03447211155968948,-0.004014650797287568,0.0009127737504742818,-0.047312649749809754,-0.04227683469078053,0.020533531487076078,0.04153740630024353,0.09137582007107786,0.11174397619281817,0.12499980311927054,0.09818919793989471,0.11629282346334012,0.0992636319572578,0.07810064492701418,0.04507723731881667,0.04502870304632126,-0.03871294749805194,-0.050452078712837585,0.0003942648676151679,0.0019411003791487311,-0.037334789793357664,-0.04077168688513861,-0.029676129506092584,-0.024733343319767207,-0.026372380144231645,-0.024359464988469016,-0.06267770494510407,-0.05911766411076446,-0.0423467689237274,-0.06659730303288673,-0.024584216680400284,-0.03149962604838675,0.012821367082221124,0.008899990543719581,-0.03410621668079604,-0.024823061602315843,-0.019855024699872194,-0.019173534191350903,0.005156999118834048,0.020778807762413275,0.011555677590715623,0.0032347121896355805,0.036801168722171,0.02573660438040185,0.06535125075324141,0.043202851242356094
1,-0.03826087577231972,-0.021878052538173407,0.02576630579583233,0.013406834318039353,0.0041705860404996475,-0.022770077314407635,-0.039094514073794856,-0.007586213598128872,-0.045205550699853415,-0.017369179441565005,0.012139293357857356,-0.008921248612921285,-0.010446938353961927,-0.01310836845695773,-0.04852129020659032,-0.0570821689369323,-0.06182223592163157,0.0007497279142637953,0.03147821121639052,0.038200326129894706,0.016242673560914963,-0.03143856801301407,-0.03609597063269957,-0.00132411595167789,0.01239649045277994,0.07812103857811299,0.11974295500159969,0.21601007246612292,0.187225123888672,0.12616921751536397,0.09488895365053705,0.1078852735292095,0.08063802191930196,0.017840487775372744,-0.04279440777071896,-0.09761356719035265,-0.07728473572277149,-0.004651776183679558,0.05558460608246448,0.09946265447317719,0.0970025320921044,0.04156192060459769,0.056468162308020396,0.04672955120899217,0.049574274017911805,-0.00024303779543133341,-0.0564857395850897,-0.06497542881043628,-0.054158505981944695,-0.09757353530028896,-0.08737074861001266,-0.07427404755979748,-0.09306098038747851,-0.08962093941599482,-0.09529997488620423,-0.09230449350783716,-0.09387836913408544,-0.076631261862885,-0.03755170247298143,-0.017114699946557083,0.0018008426312706414,-0.05011830811617934,-0.09418734254985157,-0.13484357754690454,-0.08847825480136857,-0.04536202935499851,0.009817785446443534,0.027387150697502003,0.060023434683415894,0.023580360068366484,0.031670694685297845,0.018437642763072845,-0.02138918493103793,-0.020281438509657412
2,-0.03245160247413176,0.009397890641555535,-0.02238375210706565,0.004788187795465355,-0.004694679503697885,0.008132531172127791,-0.019410472948407125,-0.014779049571654356,-0.015585201735009492,0.025568403679758215,0.01691982230678525,0.03754825304671327,0.022282167856840424,0.011866767796914562,-0.0388238767808685,-0.03716625572868369,-0.00828611759219946,-0.020212622982413095,0.0037548071679510014,0.04193761831826584,0.0017545691165838002,-0.02171877833200224,-0.019424263171901237,0.004650877859852327,0.03503063487498435,0.03256610864872008,-0.016584364180342048,-0.012874764933109706,0.002859848992340149,-0.01809468610220728,-0.06204544911518977,-0.03930784016709455,-0.10244989529118477,-0.06925373263706074,-0.0981794265583051,-0.0977739639022835,-0.09309783423077467,-0.07306718286870824,-0.06539096556586955,-0.00920051538361421,-0.026869758497509968,0.021514936989581485,0.044708426466590186,0.04258945664746658,0.0402500404617443,-0.03770196117075914,-0.054808545387214656,-0.07815642673524777,-0.08857673476690996,-0.13043661273024207,-0.08995615869495159,-0.1060659815423959,-0.06998040921126851,-0.0765401311532821,-0.13515076020278607,-0.07826048935748138,-0.03579795841941596,-0.06382126332282005,-0.09344860408114929,-0.07697480241662259,-0.1075823316974074,-0.0652612718768875,-0.08409318219493332,-0.0737528573885165,-0.14421133245320164,-0.09435612397159986,-0.08329592177886887,-0.07851007855481547,-0.07453817616939477,-0.08206085740816248,-0.036837086682108465,-0.06334174012563058,-0.06422607505942542,-0.10168056273375926
3,-0.05839479266168111,-0.03865289684491808,-0.02009441845282256,-0.03938104136528009,-0.07942075286346521,-0.07427407334619034,-0.012628992081677531,-0.016058097290250314,-0.02318174044451031,-0.008227634752249928,-0.018370496938443576,-0.031754506020234115,-0.04663289303259909,-0.061212503662171236,-0.06867813206540298,-0.04376040269314624,-0.020846125348184415,0.04771821255215412,0.03858419065616627,0.04330891160305648,-0.014525202547531342,-0.027712292838678185,0.006064128839164025,0.026157765435530434,0.04676317331895002,0.00892484508224952,0.026029532905196582,0.05429620550765365,0.059333434866928325,-0.007279271277091889,-0.027145676397511864,-0.030127676617777793,-0.033909739395606396,-0.037900070278518036,-0.04458700246261257,-0.04470625117134105,-0.02836420314101504,0.024283378268561525,0.07514505654683322,0.10448427072961759,0.11895150891854496,0.1324581140337455,0.1083442130911113,0.080078363010584,0.07859217388978805,0.0878086885500705,0.03513282060993644,0.02082558275236547,-0.01606175228609327,-0.0033552560942830905,-0.029280254002803856,-0.059422662583853036,-0.05860741789145679,-0.059684552544215064,-0.05224075915346956,-0.029130067915132618,-0.03792092981780298,-0.0681904829538192,-0.05421010103444903,-0.10141921008744546,-0.0821751289448111,-0.11954978056179816,-0.08460979006473897,-0.05984827556318326,-0.05507177700436732,-0.025511505554022058,-0.03301106947731285,-0.01826145133849398,-0.04025103629041473,-0.04692799467822848,-0.024530931445490733,-0.027994535626864412,-0.0576420109150563,-0.04244659458868002
4,-0.0228178950347165,-0.08289142215076063,-0.08787188384706783,-0.061927253752124066,0.020876078581775953,-0.01400536223731494,-0.015797074022892387,-0.028417014271619,-0.060890935696887534,-0.030989895538751745,-0.004471285546039314,-0.005282451618515171,0.01800908392994505,-0.014512539670735847,-0.016525799877060075,-0.040469929804145155,-0.08957878461769207,-0.12636899570536655,-0.11276823084937541,-0.04541949203581273,-0.062403380688750565,-0.0031057354686623664,-0.010185767387677807,0.03319475135440752,0.038719541614014835,0.01403315566821956,0.01867605499043643,0.07386524743495819,0.07896152455601584,0.05607252198465284,0.011515412026400577,0.032221954513298054,0.045389081319108265,0.01283120016680594,-0.06976341679026346,-0.025335055998042824,-0.05740884437292688,0.04102993902522541,0.08690903121230985,0.0988198248231049,0.13163210547577947,0.1315939567472121,0.07314682755169358,0.09400140160300742,0.12790899513230153,0.11561371332307274,0.031831601702499004,0.02309414509531278,0.03490448398876661,0.0369393962642607,0.0076562632166516905,0.023091984361088405,-0.015552616020581169,0.012027338332112213,-0.03441337257925573,0.0032989548368185725,-0.025680670622274245,-0.012950639600657279,-0.09347646636196899,-0.14764935109543428,-0.16636012751656107,-0.1387523297250327,-0.15485635161595673,-0.0838699059644631,-0.09117685271114295,-0.04001095451726485,-0.029377216806568452,7.827233646622919e-05,0.019072935220917155,-0.01797226137293399,-0.04200519015941817,-0.02105319807323572,0.011000525303766195,0.0017384591781145228
5,-0.029115796790555676,-0.05253582372160273,-0.038514223390381706,-0.04650313216643478,-0.06820228063149407,-0.08759159242911309,-0.0691152379477986,-0.07589906938128838,-0.05813861357239201,-0.05384556332171086,-0.034200249382303975,-0.0219029373585356,-0.03772763416097783,-0.07720383383290648,-0.07842834907337969,-0.025115183968232993,-0.007258070965568617,0.04088596659996692,0.0352079560910756,0.056416316835122125,0.043757310612796745,0.010978156385676887,0.0722989434410005,0.05681716723032642,0.06162783943621569,0.05046269515402332,0.0770063261119817,0.06658944050562597,0.06339669918124317,0.05469329341282444,0.04241534439696431,0.03299625670538322,0.024338781034351515,0.042267222930221476,0.010780974453058067,-0.019886340861220174,-0.05093828178564335,0.03263803704608856,0.12225556677567673,0.1589163006881401,0.17574376866009792,0.14560623130421027,0.10108407123286078,0.05899521962819868,0.07408364424675204,0.07701918450394281,0.034213022664237244,0.04086087258958269,0.04597872168082526,0.03599774652293756,0.025939426631209007,-0.0016250874916645612,0.01309590598326662,0.0014729896716321172,-0.01185033794531326,0.03126649103141224,0.028607173435624966,0.02624136219442356,-0.011323216932258002,-0.07237811792401949,-0.1499239560237174,-0.11771912841443145,-0.07957393297873179,-0.05705260487528888,-0.03379966341962354,-0.01680986010959817,-0.046788794614471794,-0.070043264545804,-0.07816632398345756,-0.08349467922407207,-0.0567584092941707,-0.0671756636427206,-0.05564719471641188,-0.0420660260455028
6,0.005819494257098712,-0.05631910165558845,-0.05881211780332767,-0.008943038425576437,0.014982047289586678,0.012879932802171833,-0.033914859625717254,-0.02686712783469793,-0.04538798079673326,-0.0664882702425265,-0.07832022727231956,-0.038656861058531826,-0.07169245949498747,-0.022220035191688525,-0.026208407018914293,-0.05049647031364828,-0.02992094653792375,-0.02663803222767645,-0.024216099402540145,-0.0009946916430896662,0.032969155399896914,-0.00867834854651288,-0.018038670387666607,-0.03929072132174775,-0.03446392630554465,-0.03609416166976934,-0.025459779648195364,-0.023884224782439106,-0.00036206067658634363,-0.002328553743261756,-0.017576950038761415,-0.0027846534536322513,-0.01829332944451141,-0.03400127726851068,-0.07149686591997763,-0.06248064607964011,-0.049200169934113504,-0.00923831244992951,0.046359323855327594,0.030509797047911052,0.07786860529857144,0.06439106465790559,0.08464790140741234,0.07411260067967991,0.03436175677913248,0.02877355758869647,-0.01738144912942888,-0.046513772461322433,-0.028852418209881343,-0.044495057093460307,-0.03439988987144222,0.028724339113052614,-0.0041866568376724865,-0.009453497004403006,-0.01948214118331187,0.013351818191989571,0.010475477241608593,-0.021484359724659313,-0.00869780909388423,-0.042698497173869726,-0.05292437679889187,-0.05378327186776866,-0.07479415992593912,-0.06932696528306531,-0.041193556850077424,-0.039794020239925496,0.00942957792857683,-0.00873698899750214,0.0005815472640948394,-0.01454510590705879,-0.0025557382131612158,0.004899517462326645,0.010324915694190471,-0.009704259325600947
7,-0.028813051997491446,-0.025333596715729694,-0.057070403286311126,-0.027578397839263958,-0.005008495041591437,0.012326049077019854,-0.01775331040026191,0.017047940038310515,0.01567720438145973,-0.0077532375958799206,-0.037552420927687236,-0.0018959098897516867,-0.030993065261490187,0.012242754649125795,-0.02356250654328625,-0.029063449464796654,-0.06390731308867192,-0.021835223116303943,-0.022775248413375703,-0.025972707280103157,-0.053669262969675335,-0.04826313349600476,-0.00212274920351418,0.04486279138231508,0.07124458284251692,0.06649286288313012,0.021602103891822048,-0.009210833286577484,-0.009724450735555543,0.02259059270387277,-0.04590500877144191,-0.06595570150701127,-0.058012468408019914,-0.06138996719190551,-0.1363809944180505,-0.11102585118058861,-0.07647465444372235,-0.0959474011848373,-0.07538570062744124,-0.09231555018699243,-0.09499120694074341,-0.05578607416211104,-0.03197893443391503,0.00022508753451500516,-0.04422068615960819,-0.09977918057894225,-0.07178236936577871,-0.06374073017720717,-0.035719429307785315,-0.04059847100325401,-0.0033272027728861783,0.0027503177371890814,0.019121083087110875,-0.021411443988775477,-0.004489218342454968,0.018830742655173604,-0.013602899069286566,-0.006593623566703712,-0.06957099913360451,-0.08813628446275523,-0.11174126539421937,-0.13098705741812586,-0.0412172069427473,-0.04222380665001385,-0.019719742245580926,-0.05345349783990299,-0.02103624058646249,-0.06871811189467499,-0.06892336043084156,-0.07432614058969873,-0.059934351025284355,-0.09673927811483235,-0.07562119580532041,-0.034545959217432996
8,-0.09226373840535551,-0.0526857494564599,-0.06420334749683106,-0.02558274121881014,-0.03445912703474128,-0.03300179115976144,-0.006552511338453865,-0.006529789206859011,-0.07894679854278742,-0.08824745596669949,-0.07343071175780799,-0.05501047411464289,-0.02937386567826293,-0.03648340825549221,-0.02015641755638096,0.022751477299712594,0.006496932575570567,-0.013397079563004283,0.002703133612347796,0.01116848314460892,-0.007803707076949666,-0.04052280930874326,0.0008484507402087282,0.08712840564785139,0.08835580952277367,0.04675454213523845,-0.003641291072939348,0.048470943819490124,0.1042497064318983,0.14031170945671612,0.12570403729242127,0.08687786474980268,-0.0013970445583537082,-0.036618130242496494,-0.03785023733390849,-0.06107687219329514,-0.06016074932736105,0.0017350497526468893,0.07947649789457502,0.09960360439437803,0.04426929957471348,0.014144875536513217,0.0027057296517590825,0.020473119675635695,0.03761598320090067,0.10876433485936006,0.14594919541842108,0.09758786383280217,0.04577847270391137,-0.021083785200424563,-0.09397107565870699,-0.07590427441920317,-0.0405592016509513,-0.002569589732908823,0.026115180572378865,0.026681479273327577,0.04697704850247284,0.022738020071137777,0.022654217621073353,-0.013772258443601993,-0.046235656310172735,-0.06999584219784233,-0.06627228083305751,-0.01080931903858142,0.00878086011249683,-0.012132431468616483,-0.02483438999170164,-0.047345457424046784,-0.023159670522857112,0.007488326259894827,-0.007875802671775607,-0.036795483380327086,-0.07140054396666763,-0.06487568741526047
9,-0.013537956553605875,-0.009710373616503556,-0.02211956227714666,-0.010473824632709497,-0.04097540931760008,-0.05764877422872336,-0.05736000159386332,-0.07983368085146385,-0.043444319751018194,-0.02727048860139498,0.0010105865705140268,-0.04101692432017144,-0.01041657097422403,-0.06109864552480342,-0.03949506457056245,-0.04669132652404243,0.013868637714352735,-0.014107140912768946,-0.007225269828482611,-0.0062522521978387825,0.025493078403715532,0.008330273631514009,0.027227858510038148,0.05070087323943929,0.10323365092835424,0.0760312741944333,0.07840439475823256,0.046440429434924636,0.05179315190706435,0.05574247645509092,0.0507767870065016,0.019669970467944966,0.029218758037617604,0.0038688021660806433,-0.05853097085967962,-0.07747254294031652,-0.056965609211400314,-0.010500529599941202,0.08973680694871596,0.16711245104757155,0.13426825482441113,0.15979484028009788,0.1389389160021812,0.1603421155220428,0.08699546753532746,0.0052050821874508055,-0.022729173562528685,-0.045823218493521355,-0.06685414419004158,-0.050886016657582016,-0.032845986364799525,-0.06272859711207389,-0.009286868983948633,0.013002308086664104,0.024922840812768698,0.03133753589580627,0.025963948196789422,-0.009712467939296972,0.0071695065388801245,-0.021146909377272944,-0.005334410327756914,0.014475247421945238,0.019879923652706754,0.04376749208690095,0.0014988672321724489,0.0053375109744377225,-0.034862299110756945,-0.07262734982526932,-0.0865370941666083,-0.05316606093230864,-0.04858489483384552,-0.046268492689221036,-0.002281241895431401,-0.03961499985108014
10,-0.09441623807260642,-0.12308760877590978,-0.06583023113957732,-0.033163133641441266,-0.027057440348519122,-0.01919116472874477,-0.0019059777532587942,-0.02037944281562141,-0.03961791233579096,-0.04805777842514927,-0.01257576648409117,-0.027211824403607334,-0.008051238734285836,-0.01015924632440923,-0.017725246935124454,0.004828769822553365,-0.03835673397243132,-0.022942441732801754,-0.019977414294130195,0.012600792596780035,0.022266645329386412,0.026161233812764435,0.024577204322405104,0.044265960127127135,0.04748566436989917,0.0461686581249268,0.054014018550680006,0.08177611717755183,0.08959696440059639,0.07515389637534563,0.04143555246031994,-0.04480497525316579,-0.053134334998059994,-0.04264449247023047,-0.023119435316204227,-0.03848701710054883,-0.06447621839364666,0.020310969695990694,0.13264369114167437,0.17062152676243336,0.17235444313265794,0.2068766493498818,0.2308323563587317,0.22925715772036973,0.19606556092650043,0.14362386611232653,0.07030793300566425,0.08675622061802694,0.08800689873336391,0.03651664727826714,-0.07756399280622775,-0.09680197646282411,-0.0319491859110604,0.005327108610195415,-0.03240672307817377,-0.02469587961043659,-0.00931296033986691,-0.021242652143250936,-0.0854395059379955,-0.14769112148755084,-0.1790592936865861,-0.14340122387291118,-0.1212592693318539,-0.04814167020188059,-0.04865626736763918,-0.04927806331056527,-0.10360602619681762,-0.10833857706272658,-0.016335888019415327,-0.0220024840135598,-0.005660601635233189,-0.018706105885619086,-0.028428220260048875,-0.0061088548666896605
11,-0.09874649099230244,-0.07164748148283104,-0.06729876738054646,-0.07851509972462578,-0.06128307914049289,-0.051996970860861115,-0.03309384583283125,-0.05681608728392747,-0.0013901506680936593,-0.04744006421133817,-0.08417902774623937,-0.03203668159466186,-0.07792124272948187,-0.11678089810211557,-0.08660330469748052,-0.09724319331111964,-0.09001042355508665,-0.03363158587714602,0.013561481177894172,0.007454567268556644,-0.02249267586826376,0.00940665760013392,0.006467475617480549,0.08210973398718217,0.08594444099356924,0.08473755088698336,0.08333232463498948,0.0714131056333911,0.010594919779823004,-0.009954982022352316,-0.07570937940053901,-0.07562669956197739,-0.0474200738135901,-0.07341496563197482,-0.045207394531730866,0.022615542754311307,-0.011075059881722672,-0.035129287977984466,0.009664218512979642,0.046173351026735386,0.06538485209733068,0.14400382092783795,0.0739306447305794,0.024751620351630754,-0.006045044344244837,-0.02123884958063654,-0.045243311006595066,-0.0669687671449516,-0.013412268806049829,-0.09306682884435175,-0.12577073864348706,-0.06711384288172646,-0.07399433455795615,-0.05714783908174611,-0.05990631428836327,-0.05898878070480354,-0.028934214185991125,-0.04927085005022403,-0.08603805880906547,-0.06193218335866698,-0.08638184263484426,-0.024277189660152895,-0.06397904927092778,-0.04284467617924625,-0.004163984739125407,0.004229695339081311,-0.034695202598295276,-0.013448755577492942,0.03726337047132625,-0.020151520695166826,-0.04611642281939257,-0.040665895452369254,-0.04555358655193447,-0.05272930278974644
12,-0.07882962580043532,-0.07871431117837581,-0.06588000061219566,-0.04618935505179301,-0.021262737778342134,-0.03877732277654133,-0.05596967817321327,-0.08379321248533056,-0.0643759376785016,-0.06397570119722028,-0.04251468938713444,-0.059730090853023436,-0.043895826764156015,-0.02957992048016002,-0.03196668314884974,-0.02700380907856467,-0.04384520442217333,-0.047149391333373876,-0.0020470833466949855,0.04899899036694915,0.058128513792529646,0.01931622285636219,0.034432320111584556,0.043992878212206515,0.054621341854636456,0.06270992588211745,0.047358219072030895,0.1012424733428375,0.11109281664335786,0.05270265200226206,-0.008298550739005742,-0.014903025898904937,-0.01646668651019822,-0.02906624947859746,-0.08797136205324314,-0.09885933929875092,-0.04406409340815886,0.025149841960623778,0.09835702507859319,0.11491786931689489,0.15901302930132907,0.17231802814998823,0.15847671858875614,0.1500630142885984,0.12866233390168805,0.07843438354701125,0.030327631835455744,0.005810537217214663,-0.0400643844848178,-0.009247192538635863,-0.008203035910341354,-0.06134592976794017,-0.05448942767963108,-0.05630272703665928,-0.023373910663269784,0.019802015200756893,0.007738358249546266,-0.0215509513845874,-0.05203344044216768,-0.08413408214696472,-0.13266272657188424,-0.1108074704774037,-0.1253357363603775,-0.10358384921206036,-0.06038421884622828,-0.04767925242326606,-0.04783721713487127,-0.03538439917362154,-0.06628285288002629,-0.04535270478555417,-0.03906225748221861,-0.06690610973755477,-0.0876803061204715,-0.0800241698711308
13,-0.062177029216195334,-0.05463734357026853,-0.08674702503772867,-0.07179867960146653,-0.09433132053031006,-0.06618358013870433,-0.06066835302733834,-0.05496036814007574,-0.05300998047190722,-0.07402268612390663,-0.07787269849496517,-0.077691904367916,-0.10082495215668213,-0.0632197962240604,-0.0995952202981835,-0.05366858345932512,-0.04626639516958686,-0.030647786641602472,-0.0013215808005002563,0.06472833766519781,0.07071395746598914,0.04418052925672078,0.04440787821808976,0.018888210351239876,0.058343823048323584,0.025288558833485894,0.05299401081563363,0.047375812718814386,0.030313739662734818,-0.006035337347997133,-0.03144890124850145,-0.044956295419987614,-0.058724836698898684,-0.05125984664338868,-0.04462767681484023,-0.04290973218264943,-0.035461341285592106,-0.02655540403218089,0.04401843520268716,0.08802367528409359,0.13369141452150052,0.12253746367264624,0.09585252413795244,0.07726428112644101,0.04500970386275016,0.0644350384180621,0.03202496639916969,0.023598910266036607,0.029139404126965487,-0.007983235358096873,-0.02972243127937227,-0.044048393050994006,-0.05106212179922817,-0.07560974396224138,-0.11225069408047228,-0.0976735352684503,-0.05110543398974924,-0.07064829395099663,-0.07436694770348239,-0.09162913265926247,-0.06708527287239409,-0.06288867652024599,-0.0644788603252243,-0.0797548607583381,-0.06427618922378993,-0.001208921048066535,-0.0068500618222818764,0.011006457687715193,-0.028124647787427303,-0.024279057152665026,-0.041598234112691646,-0.028028707861629514,-0.02787986045796267,-0.01933737090849459
14,-0.06389346087927689,-0.057434828862157256,-0.03258322469827786,-0.05458832058378806,-0.07985855199308121,-0.08296312380419933,-0.0768957321307903,-0.07309438882119955,-0.09741889975108035,-0.09004123976637309,-0.10968861673878531,-0.08563573016406001,-0.10234545330680345,-0.0824948130534453,-0.1025410572660122,-0.05521521112502467,-0.026898743588676347,0.010414222152646714,0.060272834254317544,0.08943729051279566,0.06660713070114758,0.021958007097306734,0.02865616355164714,0.03846970168060277,0.05417814469549062,0.04265208781184849,0.04727459603237396,0.03949318792207528,0.04467874082163478,0.028820048239751095,0.007058980109655562,0.03151738178764208,0.028331995052560316,0.008448053313269697,-0.0027116248712499825,-0.05368643466356835,-0.055642794382215637,-0.05160190337334123,0.03959690770432147,0.08360122298585805,0.12728370256190844,0.13281004582188963,0.12869038907673488,0.08957993748012527,0.07888191280441542,0.06890353315150154,0.050455908247614534,-0.03820432504463854,-0.02159917120060993,-0.02181351641505774,-0.027733892165437066,-0.020454912425304627,0.010134374781880109,0.012489031169367925,-0.010870194964142493,-0.026682676342958483,-0.029291991704930128,-0.02387226935560512,-0.013274180878454505,-0.06329300460091357,-0.07657025257211375,-0.1369867013738194,-0.09411492114251511,-0.06839187177490363,-0.02509796799580805,-0.006343224807949892,0.03012036527986865,0.012433764907826066,0.049203303874752635,-0.018784218126848756,-0.0446583816565962,-0.04558174162517568,-0.06800232876442135,-0.07738121182619385
15,-0.09614873397160413,-0.12044265917216825,-0.09865416381335251,-0.08466388308505662,-0.10139043028259408,-0.09349964864217125,-0.1232631861561846,-0.11492211922912487,-0.12119520715796984,-0.06664378388645903,-0.06072298735345665,-0.09040045415658282,-0.06929801646533398,-0.026683824004595413,-0.07856194392722309,-0.04932108393688961,-0.04832597290442148,-0.031232120942031826,-0.05229122106233336,-0.0691899146303022,-0.025849576990420616,-0.0471773895025277,-0.046255287877124594,-0.06387609933626308,-0.04858782532052844,0.0010784508746630925,-0.01151422508597017,-0.02875069999954617,-0.05392612468072972,-0.04019047254544459,-0.07368783314569044,-0.04898631635390957,-0.06672247979352045,-0.007379272177808804,-0.03322882468032647,0.009383476550217446,0.001374485339158341,0.05688878439922976,-0.0037278281388197893,0.037225269345567615,-0.0026056016709687206,0.01024038940180443,0.018144578000788558,-0.02936744210624243,0.013746157401637031,0.0076393053655612305,0.008738047841031887,0.029866854693674904,0.007298918315038629,0.014865206312575605,0.03664638255604973,-0.010752044388250656,-0.006619360877914156,-0.016853933312509967,-0.01343660617212306,-0.01610468872764777,-0.027842910398106685,-0.04136490377504738,-0.055417782282129464,-0.060869097892594974,-0.025352613573317983,-0.004692246774973302,0.030554561908294132,0.01146422056494537,0.04261494964696591,0.009145752702987177,0.062012220326867214,-0.033414728597795484,-0.02849180570030187,-0.07648148420494548,-0.07651146097703977,-0.1132786307419779,-0.0879258643594351,-0.04612193498973102
16,-0.07312756500290357,-0.025568170570970872,-0.04965450306480693,-0.08043674438461133,-0.05072089389367173,-0.06184012233447316,-0.048465656330021256,-0.05076746153330667,-0.07047068434140198,-0.046168937498203465,-0.0742566657816348,-0.05806616961231237,-0.06430470779384893,-0.03556246103452002,-0.036978555109087353,-0.02632466082136677,-0.02972413896512377,-0.0003907789385255156,-0.012380147093869502,0.03960186690479208,-0.0014016297358403907,0.0388694708604915,0.021107968141999115,0.10016615931934038,0.05807669927069,0.05832454602852785,0.06976375210569345,0.08024448166721852,0.08061884743010894,0.06092155404649408,0.030398885158402056,0.013601681141598454,-0.020764136498894123,-0.0009305176592746059,-0.02600684250977427,0.0034700973297342786,0.010714779482931933,-0.0012968883570860675,0.06241203145017121,0.05695975978755768,0.09003017688807824,0.10654623471841625,0.058250311807772494,0.052541106839385544,0.04170156947584109,-0.007824568294337031,-0.008070578484423835,-0.05974185482505364,-0.05566353170293303,-0.06028898876930461,-0.04937734005077398,-0.0013724652161513178,0.03406723904204415,-0.005052117635299739,-0.013556397926618481,-0.03360278033539972,-0.0163723002956726,-0.028228513986650605,-0.030600267492445127,-0.024156898510243333,-0.057803923426802635,-0.05612903196575198,-0.06013470425371694,-0.014147184404200144,-0.013201167677298946,-0.020770130969280234,-0.0043790392809002305,-0.005510812173353451,-0.013876678607461659,-0.07087430659933108,-0.026200742042724365,-0.04207762573630947,-0.04508112001890227,-0.0688757428488469
17,-0.060283687833274036,-0.07410045336966321,-0.07686093800653075,-0.05292456015787387,-0.05206107869947593,-0.07035756255809787,-0.030083731563428005,-0.08437588075100926,-0.09098799484486682,-0.07890212703979765,-0.05241742585600546,-0.030702307639790927,-0.011325312648222693,-0.026325357486444347,-0.02687424574254542,-0.030434614656397685,-0.015701422754626642,-0.04910279857554822,-0.015080895514299092,-0.008556271115015326,0.001468554938259858,-0.02820603503413586,-0.028901107347281307,-0.03696894917334137,-0.009549771451458937,0.0015627697113322373,-0.029803193906345598,0.024399259962228068,0.023399237551300158,-0.0028310597554158227,-0.021183469807465837,0.0038981977895996187,-0.02554710146021534,0.003636978859241486,-0.008520689707029742,0.012755558753354886,-0.0011121145876864542,0.0018943059408990243,0.0523852115635964,0.05242369556574087,0.06341821823842604,0.0802931038027304,0.06473231453000632,0.0812647973640789,0.041457021152371376,0.02969845475684621,0.03591976665367075,0.030836281513513062,0.036658917237788885,0.048371298137631004,0.015844737637920638,-0.04954249871990502,-0.05814399295291043,-0.08413533574023074,-0.07719825394662233,-0.07919156783819413,-0.06014848644891896,-0.05961599319895681,-0.07290568088223194,-0.05922275462093607,-0.03258409443754973,-0.10639225962731073,-0.1169457476269693,-0.07633967891124546,-0.05902592894683024,-0.038135699679183635,-0.0524383323891924,-0.05511198673933251,-0.06059736422764849,-0.08863790876312026,-0.07361160438312499,-0.03470636481219031,-0.021512536764924334,-0.009329765608148426
18,0.04127828304976062,0.04071145913370416,-0.0027038203362501436,0.023098569710872874,0.03203761638574775,0.007652317602827471,0.03873568678546064,0.03635453990607276,0.018859777582728093,-0.0012624263431076227,-0.002193132829413002,-0.013813890770074689,0.018649084677352473,0.002702013199946535,-0.02188797286305852,-0.014227925121782463,0.023082590016896703,0.03854590817643974,0.031158798047982914,0.046010347072846285,0.04800346251443008,0.011220721395350805,-0.016815114551677602,-0.024930930298281275,0.010738810268675814,0.024147484985729325,0.012230115528348727,0.03889612686982242,0.05767786642856162,0.07349543465429619,0.03367715541894551,-0.011956650419719128,-0.04815803957118462,-0.035197472103387126,-0.035728680880635404,-0.04864260342244153,-0.023566238604187748,-0.0036724181673453518,0.07593787338518877,0.09675173207592175,0.06524469642094775,0.12046630122317631,0.0792927829664315,0.009839805316706913,0.025412530897811828,0.029891276913659347,0.07118330937522321,0.05796029253119914,0.0025471289977611355,0.004070923335900087,-0.0418092159985819,-0.05704394503779859,-0.04427597062049967,-0.016299029269919895,-0.03958607910077507,-0.04555313335186209,-0.05296456152021455,-0.02802660134137318,-0.032658182909490796,-0.03316782402973689,-0.08185951992702578,-0.10636791553828819,-0.09223296956191439,-0.06465916825698755,-0.02088571692074927,0.02409603762244199,-0.0038803306380975552,-0.0016887296005290524,-0.034947596237176824,-0.049965542231790554,-0.07167525354947125,-0.055282190705171395,-0.04314938915096226,-0.010618159444677441
19,0.001288543510792348,0.021926972513937344,0.026991789266269457,0.025041036055050283,0.03111698182279826,0.005333370906314244,0.031606486189392054,-0.023283819481962037,-0.013840700023165587,0.003586484815425825,-0.008295393971901011,0.008802046250416714,-0.018355189864662728,-0.03334875570339303,-0.02479926905104238,-0.045542860320813144,0.005574862820853733,0.0277916884188599,0.06063013648278511,0.047891103952918596,0.06743571464301218,0.013814989951390362,0.0016263661002875046,0.038682612778969803,0.020229516721026578,0.06790476312358763,0.039326318632374575,0.015545827450214234,0.018950167791366948,-0.002832092569049723,-0.022342998897890386,-0.03235175638578645,0.010891737671101178,0.012262924538382897,-0.01049524349840989,-0.003934771547703937,0.0008049756999887655,-0.02756708655184624,-0.0062774517827571446,-0.012569440428657692,0.006215226428960416,0.025838187177653026,0.04004757157335006,0.03262195814376457,0.024807949374822395,0.03753875349950543,0.020575829604247694,-0.008276590022578342,-0.033571003129422856,-0.06369131775443806,-0.03507944020190113,-0.05539200184782203,-0.012471570098514876,-0.04362570706457141,-0.015446274138316188,-0.012884225421947101,-0.027975703450223193,-0.04799309315426468,-0.05861142242930976,-0.04421176508351904,-0.08853780597940501,-0.08358539369136708,-0.11672307574217933,-0.09962173095483363,-0.08046803075850988,-0.05963678140655087,-0.040231090567439946,-0.03603830498655614,-0.05980282908827378,-0.05461989554693577,-0.03355057552433477,-0.029334153666669707,-0.04767986925577089,-0.07876576072615861
20,-0.1064437195825429,-0.0964266466902974,-0.08795655873807863,-0.07382314560056194,-0.0587533516679384,-0.07718424375388046,-0.06776939125121971,-0.10374708061597593,-0.11325355102813124,-0.11259319964966813,-0.0983880586877958,-0.1320342362903669,-0.13337903778824897,-0.11889271301922417,-0.12641461358945497,-0.08839887094859362,-0.038087587342111213,-0.023136516427766166,0.020500411383209606,0.03243942718434948,0.012707219576060308,-0.003897077987143447,-0.006741548567503107,0.018529631778611996,0.015654185207432596,0.015928024825908188,0.021651399177933756,0.03242153370071094,0.015599492024727565,-0.002985170706787235,-0.023387914668937238,-0.03209901492467536,-0.03654203547562899,-0.03845066138073389,-0.05664599944909109,-0.0653316409492941,-0.045798073294347014,-0.03953757288080676,-0.024217908769425686,0.011282495164667975,0.02999510012342284,0.032495352964053835,0.002543492653889369,0.01206363947783847,-0.01767888091362921,-0.011926629184833783,-0.01437583459216237,-0.0465355511748658,-0.03647223525498621,-0.038550201604447526,-0.03441560018717872,-0.03485989952582008,-0.042317928137312034,-0.04197441086006263,-0.029975808410150264,-0.04334346544097819,-0.044445799116304786,-0.07126814545627505,-0.05716476066794748,-0.07673503096007121,-0.014016093171125838,-0.013396959165782894,-0.01582702300298759,-0.05662221266060005,-0.06588167982757924,-0.03991851469367275,-0.03750227987284634,-0.07413813702717025,-0.07821600252820272,-0.08548170320900766,-0.11128862315163268,-0.06262129138533273,-0.06152256942819311,-0.06214269727159367
21,-0.0563971863070866,-0.09350514624880076,-0.07470579660263402,-0.07668455916176724,-0.04697807594440031,-0.059733299036230626,-0.05309923743860054,-0.07759041743377655,-0.06425280341570956,-0.056855784877119335,-0.0535797223408647,-0.03847452333787121,-0.040599703077189374,-0.05501392567374557,-0.04025487633625952,-0.06667141357775187,-0.08625693243482375,-0.07880825435914168,-0.057148050298318404,-0.0331222225034714,-0.05704552949875247,0.002925062338483622,-0.015527698615254673,-0.029575584463874715,-0.005243074155928778,-0.021381308523851107,-0.012199091117765806,0.010306985097422165,0.0024853256952563066,-0.011712240411951557,-0.003224101309465022,-0.03593479335133964,-0.027273087274812535,-0.03703182061370188,-0.013735259914743739,0.023586956702612006,0.03284102425538443,0.047435074363725856,0.02493814920307,0.03602859715702706,0.01429124674562846,0.004959783338829719,0.02005079603831222,0.020432755087006958,0.03573379555212891,0.042048966847131476,0.01694318251979476,0.02002878736999883,0.010235683210382976,0.026195069721876182,0.051666625187384345,0.04995430635326912,0.07861657760686239,0.053948457636322306,0.05761174153346985,0.05931478718180677,0.06549745860385009,0.06884749223644283,0.04693449923257595,0.042016884966576816,0.04749806119003545,0.05579772203808726,0.051054580994135686,0.04697471521554203,0.10333559408766187,0.10941068635703532,0.09890149048239592,0.10306226041066506,0.08398714644854142,0.09121418086928434,0.1087873039997102,0.15576398498305047,0.10938428705528236,0.11380677780957922
22,-0.1019760004734101,-0.10716311946636903,-0.09665175894030281,-0.08028054437001325,-0.07209939938442424,-0.0659062824166568,-0.07598185061855971,-0.06307943559588546,-0.06190234045563565,-0.06457439356936251,-0.09860916727982172,-0.07505478027260673,-0.06632439308586226,-0.11486217463559434,-0.08937123625516369,-0.05721683449069322,-0.0343589436388537,-0.009402615408638706,-0.004279918383818522,0.004930172443831172,-0.013132628221290516,-0.04280261103667085,-0.03474524705026374,-0.027053766607876093,0.004064289345045512,0.017541242685293917,-0.0017874034542835436,-0.027414065178094044,-0.06490565948187864,-0.10572250872350054,-0.07860043787642601,-0.045662143719636526,-0.021560473016872195,0.03155563476023642,-0.003557185014133694,-0.01454594267568563,-0.034891186687002744,-0.03301183661213942,0.014330578362441962,0.046962694609242184,0.03148183474420367,0.033162197496092276,0.018149504160898864,0.033319457389140925,0.027121095373249183,0.03206195109343763,0.001427331401839849,0.010015052527199194,-0.04007951571091464,-0.01622083755404497,-0.05547618206953544,-0.07717935427228917,-0.09914302796023526,-0.0815760000161329,-0.07831392491317922,-0.06092549172263719,-0.033466268452752024,-0.008622326376912239,-0.04842629414502388,-0.04183940438407411,-0.08575718313124066,-0.08708803072181147,-0.03206668953210972,-0.04489864277831871,-0.05033168877819644,-0.022646437525961193,0.01927177532863474,-0.011423474820027904,0.03644809049947235,-0.009048627636991428,-0.024741418456831855,-0.06368961803809568,-0.07099182532027369,-0.07725712363789974
23,-0.0466941757707879,-0.07498345121501286,-0.062471280644627765,-0.04753198447443425,-0.03994292344760462,-0.016493957620445455,-0.03898355841106413,-0.059872338216889635,-0.08071630190050809,-0.09440327479709232,-0.06567102549222517,-0.07612870249825703,-0.07613010895657692,-0.11593547977787137,-0.10032126392595676,-0.09027888474777386,-0.045275609079661494,0.013216046598782949,0.07313435957997977,0.07781320311196221,0.045453452373304615,0.04103615431534382,0.043662200784466115,0.08799131261657367,0.0817729515002062,0.09615267985917285,0.07793714694426074,0.10874662980719207,0.09979709394205681,0.0358240499422782,-0.011396807008693449,-0.03662972074812595,-0.04217909923531826,0.00545546712523191,-0.017987946711647353,-0.02124138805647568,-0.043988359792174525,0.016680263013336003,0.10433923367690456,0.1853654710901266,0.17061557021961807,0.15817409012494169,0.11658709632880947,0.10420790099361037,0.08085984680540974,0.07222827975281389,0.060678000347950234,0.03605810235879328,-0.01834180161117678,-0.05072643043275477,-0.04307709808419635,-0.07366460396866788,-0.0587882697076644,-0.08897313253529782,-0.059500285449275124,-0.056616979308091044,-0.026706069188020116,-0.06248468702269564,-0.07879894743510475,-0.12940291054136369,-0.13886566254994412,-0.1522131357858735,-0.1395495278977989,-0.11218585311362883,-0.08455461513074418,-0.032773690763574795,-0.04844717561056461,-0.0580361871777007,-0.039736537572713025,-0.059968470444454025,-0.08357527224785387,-0.05560325480765176,-0.06427227942488192,-0.05232793391052575
24,-0.05412441371026897,-0.03913794724740314,-0.02816060161513077,-0.006559751684751602,0.00017644109233756265,-0.027243560185889082,-0.01080663836956524,-0.0012887750211112183,-0.04030492526363547,-0.059391188249590256,-0.0515451394718274,-0.06316139741525705,-0.033461038720123126,-0.02938300558829871,-0.03178296609998005,-0.03378702713824475,-0.0445047159873782,-0.076992982054343,-0.07080520145504926,-0.06351405058109756,-0.07859086140238743,-0.08338412092019998,-0.04767388486331776,-0.05636145224445666,-0.05774027055249295,-0.03284272924195741,-0.008996597647895975,0.015339443844767755,-0.003101677039526569,-0.046171667523815955,-0.06378958875063484,-0.03172453184167112,-0.026120038503346783,-0.04253277174966413,-0.047867363275857285,-0.03537695869698868,-0.04746354968356157,-0.0008738586753212525,0.052354786954951014,0.044620314522877375,0.0216305654618015,0.04200029226667636,0.07133976635698774,0.06404585658269522,0.0545793260310658,0.04160202580619846,-0.007755303888632953,-0.03679076833047321,-0.03377616253573613,-0.020238442185294633,-0.04891273974661736,-0.03623163031320144,-0.058304950642321746,-0.07726105402117692,-0.10701603984002929,-0.08240688375393267,-0.03457221729820503,-0.03570770535762392,-0.04406081588193452,-0.060560684082275,-0.08837753508597194,-0.0828341978215587,-0.09424333393125571,-0.08521471578362387,-0.09689048807034152,-0.09217681280580431,-0.0936491649003147,-0.06337837200060893,-0.02798023987282025,-0.05364015899207721,-0.06164090233668822,-0.06910849627038408,-0.07891286953620429,-0.0430110123621788
25,-0.0535471895624752,-0.06979900353154886,-0.060057188104243965,-0.04855649752786743,-0.030940968634808986,-0.08341431143867901,-0.09923411511458387,-0.10275291365920967,-0.11389960402346938,-0.12556448253623578,-0.09722378292227311,-0.1243319021387433,-0.1273467076718534,-0.13363656081939265,-0.13548945364176893,-0.07811665656226914,-0.07678378768298498,-0.03472429316448338,-0.015246971689034937,0.03611966834136416,0.06460929939225703,0.07241927743614089,0.05804502482559423,0.036398246979753766,0.032755586955002476,0.03308619902513398,0.017822993621292447,0.03934635447313872,0.02582202813909343,0.04059186093725087,0.045139097668673606,0.023500625668241876,0.004421532486350831,-0.00966037488496824,-0.039321033558082315,-0.020342239763164276,-0.011774162422028014,0.017701776912074654,0.07964998049475969,0.06331099996155497,0.0656204588998895,0.06343496837858442,0.12097642787985637,0.13854536688429367,0.14277186352534213,0.13088703187801176,0.09230356187295852,0.0721223775523489,0.059690346754798895,0.04152197793708975,0.023622674383548554,-0.015404604829974603,0.015718658858072537,-0.019935706475399703,-0.03503137056402209,-0.04456137414365444,-0.023801000274487685,-0.007124444289544177,-0.03391008747341869,-0.04673921438662385,-0.07172991901416226,-0.058786311383016966,-0.06646577023481708,-0.08322690410027174,-0.028120421162600637,-0.01650999850686301,0.02051679077857877,0.014031543583492734,-0.05302109037287007,-0.057991584840754305,-0.061394939380747866,-0.07590953735848732,-0.09929783699699067,-0.08892725502514164
26,-0.13288645561651138,-0.15585697603133555,-0.13397648174985857,-0.09393034990122083,-0.0797659138383642,-0.048170623393291846,-0.09309126977946054,-0.09634632393407351,-0.06856032582663764,-0.08025797142662089,-0.10841575124540709,-0.13149508240543534,-0.1167570182997784,-0.11682987530397838,-0.1002242390267214,-0.0861120377242454,-0.06682419910201756,-0.03901292516306353,-0.018198208104152694,0.032233538833396684,-0.016582268071968196,-0.016949248850427354,-0.006622195147756381,0.0336412817218979,0.08522878351180879,0.06923089141330839,0.03518421511231173,0.05768539212056944,0.056281997296318664,0.029873855044789187,0.009133877879380472,0.0249900256898164,0.03457510929093003,0.025907201466340294,-0.03167284521208053,-0.006355124584523649,-0.04311192966809746,-0.023341560085849793,0.02942206226578997,0.08788424281222042,0.06108034040411429,0.08566410247934393,0.10251370908277306,0.15444600404885211,0.12556808374458536,0.07778195475415348,0.022966247420539283,0.02096338715444516,0.010061337082046531,0.010564473683621093,-0.013160181455668241,-0.008034981619378807,-0.011793922119043487,0.008071154845566513,-0.005378031810938672,0.007139760424345651,-0.010130622000821652,-0.01398988615870649,-0.04412034010784352,-0.060383209035621555,-0.07576370568831858,-0.05557220073607492,-0.050336735637039255,-0.038408401086247705,-0.04562713583354955,-0.07472633031640791,-0.060197768564062885,-0.05090332445133811,-0.05915518287789712,-0.08240749476056715,-0.04821330091056588,0.0007056756287334848,-0.0025503485826682292,-0.02552772816396624
27,-0.006144015350710644,-0.07050709962617614,-0.030768600183077487,-0.03742872756946349,-0.06699769338584993,-0.054981550583965894,-0.10447870708854042,-0.12373636764335427,-0.06949794743256747,-0.06674532021506575,-0.032543581905131846,-0.05776295855276962,-0.07047680790540145,-0.05913521706995259,-0.01563164118504937,-0.005957258881419778,0.013839812554837403,0.02449899453580563,0.024762497388162483,0.013349873147520916,-0.038214847376157414,-0.010415970748543233,0.03600281912081952,0.06646456142514284,0.07824522757489295,0.07677540782147617,0.10777903903416913,0.16975385802841889,0.1264750920817431,0.06172806833373509,-0.013620409082921581,-0.03056881636605421,-0.06876872434507876,-0.049370158931156205,-0.05226260923064096,-0.04993765309231349,-0.05384999346290174,0.004448794334310885,0.10662557246165198,0.12258350977899794,0.12527263463644847,0.1554598820338058,0.18331214750188043,0.14648371570032354,0.1125499590319119,0.1218947897676627,0.09938336554013379,0.03331290307663906,0.01061622244346061,0.003786947314479261,-0.0010896570729825212,0.004857748280208203,-0.03222842187537243,-0.018486199758557018,-0.017018089242482572,-0.05761639840643596,-0.06552691626738627,-0.04372056940830202,-0.08217900006540774,-0.07205899344571513,-0.08278966910907208,-0.05905548758010695,-0.03521287061432129,-0.03047110518364378,-0.005876144010925726,-0.004490673048043142,0.01917608190259684,0.00561421412986602,-0.00987982854124294,-0.012291935769539636,-0.059278247684044695,-0.07201866474258449,-0.09272498873404865,-0.10865667367965291
28,-0.10832055816789109,-0.10766127004051514,-0.07808649153514756,-0.09805004774318248,-0.06699332862327617,-0.05572499893427068,-0.055580035906885046,-0.05950151153195014,-0.06308117267242208,-0.024292431344945912,-0.06161669816384657,-0.042220406518856446,-0.060994824107281805,-0.08283994275396084,-0.07949332589104462,-0.06851737716265675,-0.009460828083996228,0.015051262575408687,0.06069425601158906,0.07645632344919066,0.06402060463336054,0.06883584395407025,0.06978237960977217,0.08925974926060283,0.08569731610916265,0.11524253097572473,0.12290678685617674,0.12557497830126393,0.10866224396102725,0.12434748401378352,0.08203982436943992,0.04558309649182544,0.033913912166929065,0.031645629362032475,0.050852657713142575,0.07332998919976681,0.0560096674518283,0.019308931039221683,0.05768980727905725,0.11111991462486846,0.13874422001087963,0.13114390689122124,0.12266464505323298,0.07163663337627264,0.05587245606709416,0.09207891929502043,0.05941987127088539,0.028674689109248908,-0.003966968946250384,-0.030219135685313536,-0.06266027010936727,-0.051894058817415434,-0.05478437387000426,-0.03240719536148203,-0.030222833732326884,-0.018776814247441976,-0.008410465496912453,0.01359831856253374,-0.0005138894836302036,-0.014474446177268174,-0.04845622496749379,-0.06969966382124655,-0.10360435970468873,-0.07843247195171875,-0.04993669202749512,-0.05265095872302381,0.012931380024810526,0.010169500411143421,0.006173974284947385,0.0081551748638239,-0.006197057588276218,-0.012273649232588573,-0.009000693995813496,-0.016901831002572865
29,-0.029566117691104937,-0.027972364762035365,-0.05879498841999481,-0.055938695349360974,-0.08773698170460376,-0.053453642129845554,-0.03896281286949993,-0.05101963675038582,-0.0395327389589163,-0.04794137270300847,-0.0529816158233097,-0.04565110609175314,-0.05193921431772274,-0.02948267636878484,-0.0348605096710358,0.002693870060392116,0.0018287269060070178,0.03933838744915109,0.047764671833625406,0.06403457544667875,0.06475427154613371,0.061285501311730724,0.053635728333036314,0.05729894559364276,0.05340970070569718,0.07391284596194102,0.06885778747017114,0.05853332579441992,0.03186024628996718,0.024508603985920266,-0.00024045376316314017,-0.0070721920529699216,-0.004129388566833667,0.03707413628485983,0.009816240283283243,0.014792389762457532,0.0074449524504618635,0.009922600465781585,0.048277687879307994,0.09323093431772243,0.12510145259992275,0.13687383146272605,0.13496419311026242,0.12199734738723926,0.12364550906904859,0.1152131168698416,0.08670472133209968,0.003610340245479198,-0.056329352327766924,-0.02709121066501451,-0.027077165663117214,0.010953746783025423,0.022352933812611202,0.022662531552108945,-0.012762317229440663,-0.01638641832426972,-0.0363013733904824,-0.024494983091302675,-0.015748143289384665,-0.04348398887256286,-0.03940120004028548,-0.08055116994035634,-0.06265700853270299,-0.07587183621956785,-0.03595365012885982,-0.028494012933918265,-0.05042367063181749,-0.028826204671901084,-0.03510075248154447,-0.0032808107134029534,-0.006315772293032363,0.022259867625927143,0.0008395458056527071,-0.010159552460299271
30,-0.065790553788012,-0.046718653756870676,-0.03863317509615167,-0.0054031969696323005,-0.010029737385507283,-0.015432525869899766,-0.03925238166550176,-0.03884523565559747,-0.038975636115345824,-0.007533049538409207,-0.04123219887496204,-0.01068327201078873,-0.035109323364202444,-0.027037027645442507,-0.008336496734872967,-0.015460377796686903,-0.012644390952086101,-0.020240417008172196,0.013323381357659871,0.022476354862358133,0.005856962818229207,0.008748342582900097,0.022198586722566648,0.077096140663956,0.0920361948925112,0.08857975496390473,0.08041575068508076,0.09658565922073081,0.09974638164883859,0.08730729364377715,0.057951460903300285,0.03822902863662765,0.03582801076334116,0.007905232568204967,0.021841315508318224,-0.003331640882970331,0.04744357847850426,0.0852847193257978,0.16991744107441398,0.18607788901522584,0.18728665602075953,0.17120903394937648,0.13665567989402766,0.0955452493387699,0.07061119195748027,0.09425903585587835,0.02581826199906001,-0.04411081747143438,-0.026076133051723665,0.039871287360151546,0.021020945143153724,-0.037648528844854076,-0.024832093541309826,0.013229255006058142,-0.013585885686746289,-0.021770863821347835,0.03354546628363071,0.012115227494706038,-0.006203638632023003,-0.04427620560591913,-0.051763940185882186,-0.05984236982308131,-0.029869035700783763,-0.0015589169303741046,-0.0011645508415001064,-0.018511130572007668,-0.09628090195745799,-0.08274252079686216,-0.049670323138946544,-0.03942786207073019,-0.04842152359297574,-0.07729501784213628,-0.051572453361092487,-0.061773748190238835
31,-0.04626929721711182,-0.043822418150170156,-0.029897131028623274,-0.03108100789653402,-0.03106564350377564,-0.056788454082282606,-0.0629874388102994,-0.05681893420745197,-0.03498257850926272,-0.01877354175206906,-0.015382762298275945,-0.018455381858104792,-0.025453664857439228,-0.04562560529643123,-0.040197035189114196,-0.017688565824340936,-0.031719723078014135,0.006481793175855524,0.04929823033454037,0.06886262523000063,0.032182762263925094,0.03765168373018366,0.0375647381829483,0.05365845326717059,0.03394234079613257,0.044601473758345465,0.04663736835012819,0.044433691362764004,0.02924879128137105,0.022235546787968543,-0.029335049099117966,-0.04208854922466554,-0.01631658012406403,-0.021433376262200158,-0.048149754538787365,-0.059935830807744096,-0.0750267056622123,-0.029163362120297253,0.03666596870221778,0.10737130131419183,0.10766975478287387,0.12618289713815437,0.13298780654998238,0.1297017580472735,0.09559850981501257,0.11183946398737431,0.09230917036589194,0.04922663464440192,0.032262939782016865,0.035380509849313346,0.019901344192939728,0.025720514367053002,0.04848996794558084,0.003121797005818612,-0.0315957601363435,-0.027074053969205373,-0.027366636673286194,-0.03284521212500488,-0.0597942627470411,-0.10269855495457932,-0.1193143233583359,-0.1113999655012487,-0.11252706768258249,-0.11144568507334007,-0.07598833844649544,-0.0875265971197739,-0.1239840219934939,-0.1162466719225289,-0.09873012144696679,-0.09895889143511448,-0.06740426009290569,-0.05803940611808173,-0.03718470320025354,-0.048589075871150196
32,-0.07164712977441477,-0.06258211100422177,-0.05311647381854102,-0.04731701404745531,-0.045269107867832725,-0.0590977485301059,-0.092080203024316,-0.03250707375398431,-0.0779711808388479,-0.04892588702875561,-0.04797425176189977,-0.05229596879145378,-0.051992034983756506,-0.05759176670096013,-0.07785205609395225,-0.08426271877152021,-0.08153145316030033,-0.0904288522240718,-0.05315837348264971,-0.08977903757079359,-0.10990217721142063,-0.13930925159928725,-0.11562881893011905,-0.07015961295858723,-0.03870904659984037,-0.028140213208771428,-0.041843420045841594,0.006448646089789435,-0.014606752377995615,-0.031371882804855755,-0.08719419879050098,-0.04480933690985669,-0.04407679885630438,-0.057057509656328546,-0.08760180861751447,-0.10013130185130102,-0.1243925909960489,-0.07783079259592061,0.03430406914427423,0.09321234178136993,0.09323926299305968,0.09894667872849428,0.05127155154653884,0.022226457709145164,0.018283524952115448,0.032225976598122895,0.008635981111696526,-0.01707828031871519,-0.02552657701123598,-0.013330069229535127,-0.04177923475089929,-0.04477336739371249,-0.04087867577162105,-0.03774239862712479,-0.030526710044631544,-0.021084253708034448,-0.01386022957011522,-0.06546481563841033,-0.06579843975009476,-0.08833376128240226,-0.10472273878477723,-0.1107080641105042,-0.10975846529474227,-0.114667670778406,-0.09747974659464899,-0.05149146781484661,-0.047063388741276746,-0.03470485901825352,-0.02678577569979056,-0.04964271106478902,-0.028410793552033336,-0.016834683175484758,-0.03290055883915116,-0.03638015356544854
33,-0.003733007903091789,0.012754351353992215,0.005814854112016497,-0.010780009360867761,-0.0012191839263420614,0.008687600859785946,-0.00748983657271604,0.0077608404243878085,0.029336861358106005,0.04696153368722278,0.034356580627188764,0.029581223753856477,0.02662273182807091,0.04011263912591421,0.0001637909432333567,0.006562809624779222,0.017661313375932252,0.04572197206937412,-0.00036764187017939917,0.0026588449214362854,0.003032074956486863,-0.004153686703184253,0.03661063110264987,0.0560679756077751,0.03021344368021033,0.007660734522531989,0.02748569564952798,0.012715449575992499,0.03173615930684002,0.00436870644493035,0.02904199810100616,-0.005119156501430367,0.020930263992775828,-0.015644144954967673,0.0005867831517715449,0.0021394414357465558,-0.002524972341596927,-0.0034083575654789144,0.02622843146395296,0.03989463701783872,0.05533295964009427,0.0708440955093788,0.07700141008745341,0.0905841740113934,0.07474858603802494,0.07310735168058885,0.041823248867726814,0.015143740638295398,0.026426582257419007,0.013150930398287727,-0.008000119255306347,-0.042858242680647037,-0.058403398013229475,-0.05679226682298296,-0.09214639952174018,-0.08641082529607404,-0.07543029907091613,-0.08134026487920747,-0.05398213000715948,-0.09811481642384634,-0.09795105425995644,-0.09307443731096125,-0.06952705982869403,-0.07010301041408518,-0.07459452891035794,-0.058793518667188495,-0.036280970611205915,-0.054855327602185276,-0.06586673622503626,-0.0566428292129181,-0.06691442413817635,-0.057307384134393624,-0.04437750454117128,-0.00809118731591726
34,-0.08012740282473745,-0.09182729936425815,-0.08412178327744489,-0.09773707453943246,-0.11536162938280647,-0.095226842076006,-0.14063554406646692,-0.15665773623101795,-0.14386575573076976,-0.10238064506834817,-0.10331931465821037,-0.130590328073085,-0.15641414811793627,-0.13226754331212773,-0.15310597184691926,-0.13670495348131798,-0.0650458695319029,0.01816260980905551,0.09074030461342926,0.15317142320497815,0.13309966576801038,0.1258085766037965,0.11317554125728936,0.10593496235275796,0.13433130698766668,0.1638292192238886,0.10355249501945342,0.13127343789456877,0.09373322275762974,-0.016626180660454976,-0.056789265928740035,-0.07883266668236377,-0.06459070227118396,-0.03121007000877028,-0.06280522459260032,-0.052239514503760985,0.021581142093028954,0.09755323464540028,0.19496231598411315,0.1980939522694278,0.22393750847107996,0.21880881538512578,0.1987907825412464,0.20033629716968526,0.1942575485554121,0.20187146734647024,0.14022853819187373,0.05958468136739012,0.04852077996541541,-0.028258309948006755,-0.05833221837087955,-0.058681538661244724,-0.0044660536705182045,-0.020204762809888914,-0.026490665415858084,-0.0684081840127893,-0.05431419095577839,-0.049279115083276905,-0.05752575949280588,-0.07039886319665813,-0.10997872264832607,-0.17920682080675623,-0.19275124821276504,-0.18789164556829072,-0.08871742246274565,-0.12637711011167935,-0.12451623567314102,-0.10860809325649416,-0.12683609344553995,-0.08666608620923626,-0.05155799316152512,-0.040218423208335845,-0.05339367767001877,-0.07361824475179773
35,-0.09777320297158247,-0.11391262895420277,-0.10308426964016724,-0.09002338621877282,-0.09774858909382282,-0.07805853202069261,-0.08762053367877161,-0.07963843940326917,-0.07766660958517631,-0.07294653254790283,-0.0931662801909632,-0.05452059607807985,-0.035324130223014595,-0.03281799632577098,-0.049542788109800694,-0.046009242367831764,-0.019683539633062744,0.010224212552771282,0.06852684107716117,0.04856204237698677,0.053001337804065456,0.01655235902676152,0.020610491925696108,0.027430941542031153,0.014091496192613554,0.04378740889868927,0.056684057171664415,0.06025036443401505,0.07561900425642394,0.05880310712364709,0.03454748367377474,0.0512399250871195,0.03136887098366473,0.022437802343464413,0.03143849055933022,0.02947193066164076,0.01679726798507459,0.0573327732448185,0.056439202377597385,0.04713827616792179,0.060095583817623144,0.04901585311853751,0.05790714974879577,0.018897985787867333,0.03922764252282231,0.03446155591561784,-0.002425798140342672,-0.019617013422663667,-0.039956836804748104,-0.03813481045598834,-0.008199343209978172,-0.04093823284120568,-0.004817053931241718,-0.03817288723256509,-0.047337600455515605,-0.060691953006387474,-0.04440591530430232,-0.05438199247929052,-0.02827432154519734,-0.019167354239960608,-0.05859721979256285,-0.05028569456747109,-0.04943463611364366,-0.058488362433202205,-0.07042977799770803,-0.07001452859864235,-0.0798982848856437,-0.028241893260313445,-0.033969880049131054,-0.019188349134537864,-0.03500689264227639,0.005919735620494204,0.012746776657141681,-0.03931405571824991
36,-0.004615109439175386,0.010499506727490749,0.007825711146366729,0.026353283434502047,0.011853511262391198,-0.00864776626598,-0.02402214654404339,-0.026592178544839917,-0.03686450769982566,-0.004952191081916046,-0.008576250926016483,0.015886108025852518,0.007687279459877656,-0.014070802184586631,-0.027372200476464537,-0.018213905456146415,-0.026254376982394027,-0.005171889552540316,0.02163257490759703,0.023721767791021618,0.019672596248970952,-0.00046198259681748687,0.023127369629285504,0.060072758318086374,0.04436242711757602,0.061086520467628004,0.03208953968461389,0.02919596323237685,0.06385760063271058,0.03301993713254034,0.004022962301073244,-0.02333047253473719,-0.029499230212224326,-0.0222880437063228,-0.018399806284373457,-0.019745133072272606,-0.04577464014638539,0.00967897366780108,0.012314751776891675,0.048428337859933786,0.04155732904193183,0.046645472545058665,0.041754818412704287,0.047227912647564325,0.03642345693064296,0.06510597046146388,0.023106582946210985,0.03150588874364956,0.017423372581267776,0.012437406867916506,0.0118103445261579,-0.016609010464894405,-0.006518831729332053,-0.007131436855304134,-0.03795677768712454,-0.026474887174332176,-0.01815442260501818,-0.016876557628428046,-0.0021014807466844584,-0.033558024633397535,-0.03803937272119861,-0.05388769241415792,-0.030805983518387526,-0.05667722507665949,-0.02226104441114339,-0.03505205249827236,-0.03683998951917356,-0.0472490986606398,-0.03560050445653793,-0.03383669803701059,-0.03623498145235667,-0.02650595644722048,-0.04915448943953573,-0.052249704658533375
37,0.014769577621923912,0.022990051833389813,-0.00494617053047746,-0.0007781393637904185,0.008681250669230986,0.01131925806629998,0.014744582630394428,0.007724869922158143,-0.037847759390324094,-0.04014674507972262,-0.045076270280206804,-0.03588947970166931,0.003156727313265485,-0.009830018811364727,0.008700073925775154,-0.009623780531046372,-0.031451811338546326,-0.02062453469863138,0.017122979375896394,0.014934498164394967,0.020469876359066188,-0.0032322280600272494,-0.02372247862930456,-0.011247697175918026,0.03197406829458343,0.052796140693264715,0.04022244739225497,0.030232264560225902,0.004223591685415529,-0.0038090317188139247,-0.0077000167827993475,-0.00022105455968393292,-0.0018486942494317198,0.045970531415664574,0.032990070709805024,0.015634789145229862,0.001701513140778847,0.03565207076940255,0.05602685983215147,0.06728058577343708,0.014224646535210916,0.004886792799292516,0.007727954435571101,0.05654385262015018,0.05905307179762271,0.041480925939793634,0.004580386344742433,-0.03962554834792662,0.04906948096764376,0.047750819236848506,0.04074319120571459,-0.01819812104920177,-0.022624030835436237,-0.004205402408856453,0.05385823030827383,0.025034303156521834,0.018831764276230713,-0.016938613557184807,0.000383877501723017,-0.020609407961705215,-0.025004925769893344,-0.03309952917794478,-0.005167980900735901,0.005466860254330168,0.04814203818182585,0.04125528494835598,0.06732921471759414,0.009996254373895742,-0.03219823164078552,-0.035465894546175845,-0.030690140412603557,-0.0346846518876201,-0.023800977867881767,-0.0047195959959207305
38,-0.07143261853132547,-0.034782399424623,-0.03974244401579064,-0.05026532400648129,-0.026254184162625774,-0.06425070285726366,-0.0547769480052272,-0.05129238974620428,-0.0635947849412549,-0.07407214028278318,-0.090558868621467,-0.07793920207408268,-0.07862583644748862,-0.07439303793731192,-0.08442865758613577,-0.00688178469189468,-0.005180560270725749,0.06311252112652446,0.10341443362053172,0.10173978366762086,0.05259555353586187,-0.010290388361134531,0.0017257333156426673,0.08019201754889725,0.0728345931516565,0.09594174086986801,0.0865607649257199,0.10327049441833985,0.10790358976575742,0.07971818982469249,0.027324448882445455,-0.01569734103301617,-0.031152818135913456,-0.01641633133187319,-0.018934951636773608,-0.04550585656505276,-0.06666805464604221,0.03024000147822249,0.14820767814340075,0.19800456499391395,0.18144046491089164,0.1788041208687089,0.14926776426122318,0.16643347861782762,0.13372059961784874,0.1031379277673653,0.06651252335430548,-0.0029559004254454493,-0.01937633209708798,-0.025585243562688677,-0.03235709181222864,-0.007448709930790528,-0.007222632249391891,-0.007632799250706663,-0.07353440296417918,-0.06935090873104476,-0.05288218809183092,-0.044403637063701214,-0.09124757312299941,-0.10403691258692838,-0.11342182429300374,-0.10279270118211081,-0.08281796720457674,-0.08528157308288085,-0.04814361915968742,-0.015566039954340699,-0.003655249816821908,0.00652745542511221,0.0037988010143164374,0.04030326976210713,0.023307891667110725,-0.006748093695340793,-0.06526951308780428,-0.08904984479258315
39,-0.1306496365821538,-0.14044911626577056,-0.12928371058532043,-0.12380250304058489,-0.1395891743839647,-0.10789000054720323,-0.13168274117958975,-0.08587244662692867,-0.11094404327604353,-0.10769637489030283,-0.09036455443348225,-0.09673613035091984,-0.11252186531661229,-0.11719621662160924,-0.08557567313454502,-0.104377803876813,-0.04067022016859202,-0.05030139683040533,-0.024652203002648216,-0.02656617851350186,0.02896659921674595,0.023480972628558607,0.04686153216815298,0.018550964630947773,0.019534015676319332,0.010891849887347246,0.04040592684791106,0.02711118062554285,0.059703988433776355,0.048172468328486644,0.018325271155583498,0.02129278326606399,-0.017989311384085313,-0.036364858659344614,-0.02135087523815976,-0.02871826746228921,-0.030513036082662093,0.015121184002164889,0.07121240154058682,0.05998649229820182,0.08126181097596748,0.1246437235456303,0.05770754092315928,0.09540310941833248,0.08693060727260715,0.039978190005291875,0.028438521510569383,0.011737642237414437,0.02835655029379382,-0.030651144248330136,0.011162425484724554,-0.011082994027692234,0.012697039251396777,-0.028187034046410583,-0.02758202485955873,-0.06474473815005038,-0.07844740454767185,-0.08940778931165173,-0.08149341508937392,-0.10817136162658492,-0.11267683499649057,-0.11753568007234248,-0.11120853607823457,-0.06977197062047956,-0.09882958659538395,-0.060697011966344895,-0.04964777398713419,0.01987434605044752,-0.05917649231167721,-0.03979984066259036,-0.03778937109931177,-0.0977371717291262,-0.03824456611237434,-0.04978157007050194
